320
320
320
320
320
320
320
320
320
320
320
155
155
155
155
155
155
155
155
155
155
155
155
155
155
155
215
215
215
215
215
215
215
215
215
215
215
400
400
400
400
400
400
400
400
400
400
390
390
390
390
390
390
390
390
390
215
215
215
215
215
215
215
215
215
215
215
215
200
200
200
200
200
200
200
200
200
200
200
200
95
95
95
95
95
95
95
95
95
95
95
95
95
95
215
215
215
215
215
215
215
215
215
215
215
215
215
270
270
270
270
270
270
270
270
270
270
270
210
210
210
210
210
210
210
210
210
210
210
210
210
300
300
300
300
300
300
300
300
300
300
320
320
320
320
320
320
320
320
320
320
375
375
375
375
375
375
375
375
375
375
375
355
355
355
355
355
355
355
355
355
315
315
315
315
315
315
315
315
315
320
320
320
320
320
320
320
320
320
320
320
290
290
290
290
290
290
290
290
290
290
290
290
295
295
295
295
295
295
295
295
295
295
285
285
285
285
285
285
285
285
285
285
285
285
100
100
100
100
100
100
100
100
100
100
100
100
100
270
270
270
270
270
270
270
270
270
270
255
255
255
255
255
255
255
255
255
255
265
265
265
265
265
265
265
265
265
265
265
335
335
335
335
335
335
335
335
335
335
335
175
175
175
175
175
175
175
175
175
175
175
175
175
175
340
340
340
340
340
340
340
340
340
340
340
340
340
340
340
340
340
340
340
340
340
340
340
340
340
340
190
190
190
190
190
190
190
190
190
190
190
190
190
190
190
190
190
190
190
190
190
190
190
190
190
300
300
300
300
300
300
300
300
300
300
300
300
300
300
300
300
300
300
300
300
300
300
300
255
255
255
255
255
255
255
255
255
255
255
255
255
255
255
255
255
255
255
255
255
190
190
190
190
190
190
190
190
190
190
190
190
190
190
190
190
190
190
190
190
190
190
190
190
345
345
345
345
345
345
345
345
345
345
345
345
345
345
345
345
345
345
345
205
205
205
205
205
205
205
205
205
205
205
205
205
205
205
205
205
205
205
205
205
205
205
220
220
220
220
220
220
220
220
220
220
220
220
220
220
220
220
220
220
220
220
220
220
220
220
220
220
220
220
220
220
220
220
220
220
220
220
220
220
220
220
220
220
220
220
220
220
220
220
345
345
345
345
345
345
345
345
345
345
345
345
345
345
345
345
345
345
345
345
370
370
370
370
370
370
370
370
370
370
370
370
370
370
370
370
370
370
370
370
150
150
150
150
150
150
150
150
150
150
150
150
150
150
150
150
150
150
150
150
150
150
150
150
150
150
320
320
320
320
320
320
320
320
320
320
320
320
320
320
320
320
320
320
320
320
320
340
340
340
340
340
340
340
340
340
340
340
340
340
340
340
340
340
340
340
340
235
235
235
235
235
235
235
235
235
235
235
235
235
235
235
235
235
235
235
235
235
235
235
335
335
335
335
335
335
335
335
335
335
335
335
335
335
335
335
335
335
335
335
85
85
85
85
85
85
85
85
85
85
85
85
85
85
85
85
85
85
85
85
85
85
85
85
85
300
300
300
300
300
300
300
300
300
300
165
165
165
165
165
165
165
165
165
165
165
375
375
375
375
375
375
375
375
375
105
105
105
105
105
105
105
105
105
105
105
110
110
110
110
110
110
110
110
110
110
110
110
70
70
70
70
70
70
70
70
70
70
70
70
275
275
275
275
275
275
275
275
275
275
275
275
275
400
400
400
400
400
400
400
400
200
200
200
200
200
200
200
200
200
200
310
310
310
310
310
310
310
310
310
310
345
345
345
345
345
345
345
345
345
345
270
270
270
270
270
270
270
270
270
270
80
80
80
80
80
80
80
80
80
80
80
80
290
290
290
290
290
290
290
290
290
285
285
285
285
285
285
285
285
285
285
275
275
275
275
275
275
275
275
275
375
375
375
375
375
375
375
375
300
300
300
300
300
300
300
300
300
300
290
290
290
290
290
290
290
290
290
350
350
350
350
350
350
350
350
350
405
405
405
405
405
405
405
405
220
220
220
220
220
220
220
220
220
220
245
245
245
245
245
245
245
245
245
270
270
270
270
270
270
270
270
270
270
295
295
295
295
295
295
295
295
295
295
295
295
295
295
295
295
295
295
295
340
340
340
340
340
340
340
340
340
340
340
340
340
340
340
340
340
360
360
360
360
360
360
360
360
360
320
320
320
320
320
320
320
320
320
135
135
135
135
135
135
135
135
135
135
135
345
345
345
345
345
345
345
345
345
345
345
345
345
345
345
345
345
345
240
240
