450
85
85
85
55
55
55
55
55
55
205
205
25
25
25
150
150
150
25
25
25
25
45
45
45
45
75
75
75
50
50
50
50
50
10
10
10
10
10
10
85
85
85
245
245
85
85
30
30
30
30
30
45
45
45
45
45
75
75
75
35
35
35
35
215
215
30
30
30
30
185
185
20
20
20
20
20
15
15
15
15
15
15
65
65
65
65
20
20
20
20
20
175
175
55
55
55
45
45
45
45
10
10
10
10
10
10
75
75
75
25
25
25
25
25
25
35
35
35
35
35
165
165
5
5
5
5
5
15
15
15
15
15
60
60
60
60
160
160
35
35
35
35
35
30
30
30
30
30
100
100
100
45
45
45
45
30
30
30
30
30
30
10
10
10
10
10
80
80
80
80
130
130
100
100
100
80
80
80
75
75
75
75
65
65
65
65
65
65
385
55
55
55
55
205
205
145
145
80
80
80
295
295
130
85
85
85
265
265
265
10
10
10
10
10
45
45
45
45
220
220
230
230
25
25
55
55
55
55
55
135
135
70
70
70
285
285
30
290
290
125
140
140
140
10
10
10
10
260
260
145
145
145
25
25
25
25
25
195
195
140
140
500
85
85
45
45
45
45
395
105
105
70
70
70
95
95
95
155
155
100
100
215
215
30
30
30
55
55
55
55
20
20
20
20
20
20
165
165
175
175
300
25
25
25
25
25
70
70
70
100
100
100
150
150
290
5
5
5
5
5
5
5
5
15
15
15
15
15
15
15
15
15
15
115
115
115
50
50
50
105
105
105
20
20
20
20
500
205
160
160
35
35
35
35
35
65
65
65
65
140
140
45
45
45
45
200
200
230
155
155
15
15
15
15
15
15
55
55
55
65
65
65
65
15
15
15
15
15
5
5
5
5
5
5
30
30
30
30
60
60
60
60
75
75
75
65
65
65
50
50
50
50
50
155
155
120
120
15
15
15
15
15
105
105
105
115
115
175
175
10
10
10
10
10
330
330
40
75
75
75
45
45
45
45
440
25
25
25
25
145
145
145
90
90
35
35
35
35
80
80
80
190
190
75
75
75
75
85
85
85
60
60
60
10
10
10
10
10
5
5
5
5
5
5
180
180
140
140
140
45
45
45
35
35
35
35
45
45
45
45
500
15
15
15
15
5
5
5
5
5
5
5
95
95
95
100
100
100
180
180
150
150
40
40
40
40
60
60
60
15
15
15
15
15
200
200
45
45
45
45
210
210
325
80
80
80
40
40
40
40
110
110
110
130
130
60
60
60
60
185
185
15
15
15
15
15
80
80
80
110
110
110
35
35
35
35
125
125
125
485
130
80
80
80
10
10
10
10
10
10
60
60
60
60
70
70
70
70
70
70
70
85
85
200
200
15
15
15
15
15
45
45
45
45
120
120
55
55
55
55
135
135
330
330
125
95
95
70
70
70
70
130
130
30
30
30
30
30
65
65
65
65
180
180
115
115
70
70
70
70
25
25
25
25
25
10
10
10
10
10
10
325
260
260
5
5
5
15
15
15
15
15
250
250
95
95
165
165
5
5
5
5
5
80
80
80
55
55
55
200
200
50
50
50
175
175
55
55
55
55
120
120
115
115
115
100
100
100
25
25
25
25
245
245
110
110
15
15
15
15
90
90
90
5
5
5
5
5
5
220
220
135
135
325
30
30
30
30
385
60
60
60
60
140
140
5
5
5
5
5
240
240
10
10
10
20
20
20
20
20
20
40
40
40
40
365
365
80
80
80
80
150
150
115
115
125
125
325
115
115
115
50
50
50
50
180
180
110
110
110
60
60
60
5
5
5
5
5
5
5
75
75
75
75
55
55
55
275
275
30
70
70
70
70
35
35
35
35
20
20
20
20
20
20
30
30
30
30
290
290
65
65
320
55
55
55
55
190
190
255
255
75
355
140
140
140
30
30
30
30
35
35
35
35
65
65
65
65
40
40
40
40
145
145
90
90
90
5
5
5
5
5
5
5
5
5
5
5
5
125
125
125
45
45
25
25
25
25
25
235
235
55
55
55
110
110
110
10
10
10
10
70
70
70
55
55
55
55
65
65
65
145
145
110
110
110
65
65
65
250
250
185
195
195
245
190
190
195
80
80
80
160
160
25
25
25
25
170
170
55
55
55
55
85
85
85
125
125
85
85
85
125
125
50
50
50
50
10
10
10
10
10
85
85
85
190
190
60
60
60
80
80
80
80
10
10
10
10
5
5
5
5
5
5
5
5
70
70
70
500
10
10
10
10
10
110
110
110
30
30
30
30
135
135
135
135
135
75
