21745
23740
23665
23835
21910
24340
23935
20705
22680
23685
21465
19740
16040
24110
23845
24460
24265
19215
25060
25065
18720
23955
23560
14145
24065
24095
23770
25085
24425
21560
19815
24490
23765
24115
17910
22370
18630
23340
25415
18355
23795
24055
23295
20245
23845
23260
23545
24805
24560
23710
21825
24315
20610
24800
24325
24130
23730
22255
23705
24340
24895
24215
23310
24035
19535
23350
24285
25020
19005
21450
24160
23830
23515
24315
21675
24230
24095
22170
24260
23295
23360
20460
21115
24365
21770
22500
23865
23990
23865
18310
24055
22700
23520
23805
24370
24925
21205
25120
22815
22540
23100
25100
20760
22960
21285
24545
20560
25540
24235
22950
18090
23460
23665
25530
24305
21055
21535
24405
24660
23620
23905
24405
23455
24700
23440
24195
23750
17590
23710
22170
23335
17920
21330
24035
23620
23605
24035
23325
23035
22835
23415
24615
24420
23730
19985
23820
22870
19350
21580
24305
23655
24070
23435
16115
23560
22440
23250
21860
25300
23940
23395
23455
24785
23825
23405
20665
23550
22820
21250
15755
21430
24905
20070
21070
24095
23660
19570
24815
23620
17170
20330
24105
22915
23955
24320
22815
23145
18605
24675
24055
23190
23115
23350
19815
23005
24350
23845
24695
22145
22920
18900
21780
24560
25185
24465
19920
20580
23245
23145
24180
18380
23515
23105
22945
23965
24600
19350
23705
23165
23605
23115
23855
23405
13935
23605
21645
24530
24010
22040
21125
24620
23400
24405
24640
23950
23520
24410
22700
21955
23720
24685
24665
24350
20225
24200
23400
24220
24820
21715
22320
18600
23495
23790
23200
23700
15060
20895
23695
24175
21460
24040
25565
24155
23490
21480
23010
22945
22800
22665
21330
23210
19750
25515
22385
24725
25435
24295
22765
21015
23120
24820
23965
23625
22700
23940
23895
23570
23565
23850
23290
23410
24405
23945
23260
23730
23305
24880
23760
23560
23770
24180
21330
23145
22840
23330
23325
19430
24090
23845
23050
23540
23830
23365
23100
23860
25400
24595
19225
21415
23725
23435
23935
23825
18025
18080
24920
23595
24725
24225
21400
24240
24150
23435
22895
22780
24165
23545
19660
22905
23695
23660
24265
23785
24190
23165
20430
21845
23190
19345
24135
23085
26030
23480
23150
23555
19285
23445
23655
23875
23775
24375
24250
23870
20030
23505
23175
20455
24340
24935
23735
23435
22300
23195
23440
25005
23850
24815
24835
23370
24090
20210
24505
23910
23675
22875
23830
24135
24255
23690
24995
22880
19475
23210
20045
24615
22200
24220
24630
24725
24345
23915
23505
24140
21120
23170
24520
23785
23260
23000
23930
24405
24845
24640
25210
20100
20635
25175
23615
23100
19580
18005
24810
17420
25535
20630
23230
24920
22970
25120
23610
24720
22510
20345
19935
24265
23320
23755
22875
24255
23530
22555
24720
24565
23035
25045
22790
23675
23600
20585
25115
21515
16745
21565
23420
19985
23385
23640
21190
19730
23790
24355
22600
23790
22855
21025
20445
23415
21365
20720
23020
24540
23165
23350
23125
18485
18755
22910
18640
24890
23010
18380
23900
24820
21650
24370
17865
18285
24950
24480
22155
23190
23855
20825
21255
20030
24910
17560
24235
22765
24520
24890
23405
23930
24825
24870
23490
22800
23625
19220
20130
23700
19220
24615
21430
24030
21945
23880
23505
23005
21230
22790
23265
23055
24935
19260
20580
24960
22045
24930
24350
23850
19795
19615
24480
22740
23880
20440
23970
24185
24735
24845
25685
24300
20370
24275
19675
23410
24535
17775
23450
21695
23460
22980
21260
23015
24740
22890
23655
19210
25000
23235
24775
25000
24270
24195
19495
24670
23815
23330
23590
23625
24920
18585
24755
23755
24385
18415
17400
23360
23330
20260
19630
23635
23280
19970
23350
22740
24660
24035
24590
19045
25000
20070
24255
23790
25035
22850
23280
24135
23025
24005
24170
21520
23860
24600
24525
21730
25265
23710
19905
23075
21085
19865
23020
23630
20455
23515
18960
23655
24210
23770
25000
24875
23895
23070
21585
23175
23140
20340
21390
24905
24530
24500
23800
20385
23750
22885
22865
20395
24065
22435
24185
18505
23795
23875
24670
23800
24120
24220
21640
22070
23530
19615
24120
23330
22815
23730
22925
18765
23530
23450
23725
24030
20070
23060
24305
23885
24165
22650
24410
21935
19360
24620
22445
21800
21715
20640
20050
24205
23540
24715
25110
20290
21355
23140
24705
24325
24135
22720
24970
23345
20775
24105
22025
15920
24765
23850
23535
23790
24215
15755
22585
23670
23760
25125
19045
24705
23590
24260
24010
23295
24405
22225
25365
24070
24760
23380
20850
23960
24450
24190
21485
20840
20720
23615
24040
23650
23525
21960
23705
24540
23745
23795
21090
24040
24015
19235
23800
19980
23890
19085
23400
24675
20475
23300
19235
19850
23690
24520
24280
24690
22910
24075
23645
20425
23800
18810
23810
22895
22960
24750
23880
25225
24280
23895
23255
24460
24030
23945
24870
23245
22510
24210
19320
22280
19220
21340
24465
24110
25490
24295
24055
24120
23330
20395
23835
24245
23235
24795
24015
20475
20720
23450
24790
23245
20785
20070
24080
23470
24215
23410
24085
24040
22900
23295
24690
22700
24040
23075
24705
24730
24095
24460
22865
24005
22305
23610
21760
23365
23260
22180
22850
20410
24200
23900
23980
24140
24255
23530
24865
24080
19375
24650
24895
23975
25080
23320
20695
24045
21400
24725
23840
24050
24350
24195
22325
24135
24100
24295
22555
22930
24190
23905
19740
24320
23625
24020
20645
23480
21410
24525
23925
23480
18430
21230
23905
18900
25355
24140
24135
22620
23970
24165
19525
24550
23140
23630
24200
23460
23375
24690
24840
18810
22865
23245
24040
24700
18815
23890
23600
18865
24190
23930
24135
23515
19890
23700
24835
25190
20770
23045
24005
23550
24040
24110
23185
23415
23360
22775
23850
24610
18760
22545
23740
21595
24490
22275
23205
22300
23395
24265
24220
25960
24010
24290
24600
21030
23420
25315
19575
22795
23815
23850
23130
23875
22815
24270
24290
23215
25325
24700
17335
23355
19280
24820
22855
24420
23845
24615
19635
24675
20620
23350
25595
23295
25245
24385
24185
24355
19385
24535
23355
17840
23720
18755
24490
24335
23770
21500
24620
23785
23590
18635
24295
24650
22955
24095
20435
20145
21680
22305
23925
23735
17340
24665
24205
17565
15060
23435
22635
23150
23790
17820
20765
25240
24390
21045
21645
24395
24075
18910
20165
24060
24070
