120
120
120
120
120
120
120
120
120
120
120
120
120
120
120
120
195
195
195
195
195
195
195
195
195
195
195
195
195
195
195
195
65
65
65
65
65
65
65
65
65
65
65
65
65
65
65
65
65
65
65
65
65
200
200
200
200
200
200
200
200
200
200
200
200
200
200
200
200
280
280
280
280
280
280
280
280
280
280
280
280
280
280
280
335
335
335
335
335
335
335
335
335
335
335
335
335
335
365
365
365
365
365
365
365
365
365
365
365
365
365
365
365
240
240
240
240
240
240
240
240
240
240
240
240
240
240
240
240
240
430
430
430
430
430
430
430
430
430
430
430
430
430
100
100
100
100
100
100
100
100
100
100
100
100
100
100
100
100
100
100
100
100
340
340
340
340
340
340
340
340
340
340
340
340
340
340
340
330
330
330
330
330
330
330
330
330
330
330
330
330
330
330
375
375
375
375
375
375
375
375
375
375
375
375
375
375
320
320
320
320
320
320
320
320
320
320
320
320
320
320
320
325
325
325
325
325
325
325
325
325
325
325
325
325
325
325
260
260
260
260
260
260
260
260
260
260
260
260
260
260
260
260
265
265
265
265
265
265
265
265
265
265
265
265
265
265
265
265
315
315
315
315
315
315
315
315
315
315
315
315
315
315
315
315
200
200
200
200
200
200
200
200
200
200
200
200
200
200
200
200
200
300
300
300
300
300
300
300
300
300
300
300
300
300
300
300
300
245
245
245
245
245
245
245
245
245
245
245
245
245
245
245
245
245
245
245
245
285
285
285
285
285
285
285
285
285
285
285
285
285
285
285
285
285
285
285
285
285
210
210
210
210
210
210
210
210
210
210
210
210
210
210
210
210
210
210
210
210
210
210
210
210
140
140
140
140
140
140
140
140
140
140
140
140
140
140
140
140
140
140
140
140
140
140
140
140
140
140
140
350
350
350
350
350
350
350
350
350
350
350
350
350
350
350
350
350
350
350
350
300
300
300
300
300
300
300
300
300
300
300
300
300
300
300
300
300
300
300
300
300
400
400
400
400
400
400
400
400
400
400
400
400
400
400
400
400
400
400
400
400
315
315
315
315
315
315
315
315
315
315
315
315
315
315
315
315
315
315
315
320
320
320
320
320
320
320
320
320
320
320
320
320
320
320
320
320
320
320
340
340
340
340
340
340
340
340
340
340
340
340
340
340
340
340
340
340
340
340
145
145
145
145
145
145
145
145
145
145
145
145
145
145
145
145
145
145
145
145
145
145
145
145
145
145
145
80
80
80
80
80
80
80
80
80
80
80
80
80
80
80
80
80
80
80
80
80
80
80
80
80
80
80
80
80
80
165
165
165
165
165
165
165
165
165
165
165
165
165
165
165
165
165
165
165
165
165
165
165
165
165
240
240
240
240
240
240
240
240
240
240
240
240
240
240
240
240
240
240
240
240
240
240
240
270
270
270
270
270
270
270
270
270
270
270
270
270
270
270
270
270
270
270
270
270
270
200
200
200
200
200
200
200
200
200
200
200
200
200
200
200
200
200
200
200
200
200
200
200
200
200
370
370
370
370
370
370
370
370
370
370
365
365
365
365
365
365
365
365
135
135
135
135
135
135
135
135
135
135
135
135
135
135
135
240
240
240
240
240
240
240
240
240
240
240
240
185
185
185
185
185
185
185
185
185
185
185
185
185
140
140
140
140
140
140
140
140
140
140
140
140
140
340
340
340
340
340
340
340
340
340
340
340
235
235
235
235
235
235
235
235
235
235
235
220
220
220
220
220
220
220
220
220
220
220
165
165
165
165
165
165
165
165
165
165
165
165
165
265
265
265
265
265
265
265
265
265
265
265
260
260
260
260
260
260
260
260
260
260
260
260
260
260
320
320
320
320
320
320
320
320
320
320
95
95
95
95
95
95
95
95
95
95
95
95
95
255
255
255
255
255
255
255
255
255
255
255
255
255
370
370
370
370
370
370
370
370
370
370
370
230
230
230
230
230
230
230
230
230
230
230
320
320
320
320
320
320
320
320
320
315
315
315
315
315
315
315
315
315
315
315
315
315
315
315
315
315
315
315
315
315
315
315
125
125
125
125
125
125
125
125
125
125
125
125
125
125
220
220
220
220
220
220
220
220
220
220
220
220
220
220
175
175
175
175
175
175
175
175
175
175
175
175
280
280
280
280
280
280
280
280
280
280
280
280
160
160
160
160
160
160
160
160
160
160
160
160
335
335
335
335
335
335
335
335
335
335
295
295
295
295
295
295
295
295
295
295
295
190
190
190
190
