16050
15995
16030
16000
16070
15935
16035
15945
16040
16035
15985
15935
16065
16080
16055
16080
16025
16030
15930
16050
16105
16035
16010
16075
16060
16045
16070
16060
15950
16045
16040
16025
15995
16040
16090
15950
16030
16035
15910
16040
16005
16025
16050
16085
16000
16005
15910
15980
15895
15995
15990
15940
15985
15935
16030
16055
16070
15995
16035
15995
16065
15960
16060
16065
15980
15975
16065
16015
16070
16075
16110
16025
16035
16010
16065
16035
16050
16030
16100
16030
15985
16050
16045
16040
16000
15955
15880
16070
16020
15950
16070
15985
16025
16030
16020
15965
16025
15935
15995
15975
16055
15905
15995
16060
16045
16010
16005
15925
15910
15855
16015
16060
15995
16030
16020
16030
16040
15905
15980
16055
16020
16065
16080
16035
16065
16020
16020
16025
15985
16020
15945
16055
16075
16030
15980
16050
15965
15930
16020
16025
16050
15980
15935
15935
16000
15955
16040
16025
15990
15900
15995
16095
15975
16005
16085
16055
15950
15995
15995
15985
16055
16010
15955
16040
16040
15970
16045
16035
16045
15985
16065
16015
16035
16010
15975
16080
16060
16055
16015
16040
16020
16040
15935
16020
15970
16070
15990
15955
16040
16035
16005
15940
16035
16000
16060
15925
16045
16040
16040
16015
16040
15985
16045
16020
16095
16045
16055
15905
15975
16045
15990
16030
15970
15945
15995
15945
16080
15975
15870
16000
16005
15965
16035
15990
15980
15960
15975
15985
15995
15865
15915
14735
15945
16035
16020
16025
15980
16020
16020
15930
16015
16040
15965
16045
16035
16020
16055
15910
16020
15995
15965
15925
16015
15960
15970
16040
15995
15875
16010
16000
16040
16050
16075
16020
16050
16050
15915
15960
16040
16000
15980
16075
16035
16040
15985
16000
15975
16070
16010
16080
16030
16025
15975
16035
16020
16005
15930
16035
15995
16000
16035
15955
15990
16040
16050
15970
16005
16000
16010
15990
16050
16010
16045
16045
16040
15930
15935
16015
15995
16065
15965
15980
15925
16075
16025
16045
16085
15935
15920
15995
15975
16025
15980
15980
15930
16005
16040
16020
15960
15965
16040
16035
15880
16010
16005
16085
16055
15935
15915
16080
16070
16030
15960
15910
15980
16050
16050
15970
15970
16015
16010
16035
16040
16020
15965
16015
16000
16035
15995
15995
15970
15985
16050
15960
16005
15980
15980
15955
16050
15920
16060
16025
16010
16015
16035
15990
15930
16040
15980
15985
16040
15960
15900
16030
16050
15910
15915
16050
16090
16000
16035
16030
16030
16040
16055
15990
16090
16040
15960
16030
15940
15985
15980
16035
16050
15915
15965
16035
15995
16015
16015
15960
16030
15940
16005
16000
15905
16020
15890
16050
15930
15990
15945
16015
16000
15955
16035
15920
16080
16035
16085
16000
16010
16030
16055
16060
15960
16065
15985
16065
16030
16090
16015
16025
16010
16030
16070
16000
15990
15985
16020
15995
16010
16090
15985
16065
16085
15895
16015
16030
16010
16045
15990
16010
16090
15995
15995
16035
16040
16030
16040
16000
16030
15985
16020
16075
15995
15980
16045
16050
16055
16025
15990
16075
16065
15960
16045
16090
16030
16045
16055
15930
16000
16060
15965
16035
16000
15975
16025
16075
16000
16015
15995
16030
15935
15905
15965
16065
16060
16010
16045
16005
15985
15980
15975
16025
15970
15990
15925
15760
16005
16050
16025
16015
16015
16045
16075
16055
15995
16000
16040
16055
16065
16045
16000
15950
15950
16090
16040
15955
15950
16055
16035
15945
15835
16000
15970
16060
16030
16045
16070
16035
16015
16110
16040
16000
15970
15975
16020
16010
16105
16020
16040
16060
16035
16085
16055
15965
15970
16050
16010
15910
16055
15995
15935
16015
15995
15960
15995
16065
16010
15975
16015
16020
15995
15965
16105
15975
16055
16075
16035
15985
16040
16040
16045
16000
15955
16065
16020
15910
15930
16005
16010
15980
15960
16080
15970
16070
15995
16010
16005
16025
16050
16035
15985
16010
16045
15915
15910
16020
15970
15975
16015
16040
16070
16020
16050
16045
16070
16100
15955
16025
16015
16025
16000
15990
16040
15890
16030
15980
15925
16060
16010
15995
16070
16030
16055
16005
16035
15985
16000
16025
16055
16020
15925
16075
15890
16065
15995
16025
16080
16070
16015
15965
16020
16020
16035
16025
16015
16045
16040
16020
16025
16000
16055
15950
16000
16020
15990
15955
16045
15995
15985
15965
15990
15955
16035
16035
16010
15975
16045
15955
16030
16000
16025
16020
16025
15875
15830
15975
16060
15930
15960
16035
