235
65
65
65
20
20
20
20
20
75
75
75
75
75
75
85
85
85
40
40
40
40
40
405
235
235
290
65
65
130
130
335
335
95
170
170
280
305
305
140
70
70
70
115
115
115
170
170
55
55
55
165
165
155
155
50
50
50
460
300
340
340
150
30
30
30
30
50
50
50
50
500
165
75
75
75
75
270
10
10
10
10
10
10
10
245
245
45
45
45
500
460
150
75
75
75
140
140
140
80
80
35
35
35
35
35
5
5
5
5
5
5
150
150
150
120
120
25
25
25
25
165
165
100
100
100
500
225
30
30
30
30
30
370
305
305
105
100
100
100
500
45
45
45
45
335
125
125
125
30
30
30
30
90
90
90
105
105
105
110
110
110
130
130
225
225
320
305
305
100
50
50
50
50
85
85
85
85
500
285
250
365
120
120
120
10
10
10
10
10
10
500
35
35
35
35
290
245
245
210
165
165
5
5
5
5
5
5
5
460
290
225
225
45
45
45
345
35
35
35
35
35
240
240
500
270
130
130
50
50
50
365
365
75
115
115
115
115
115
305
65
65
65
65
230
230
175
175
500
15
15
35
35
35
35
35
500
300
170
170
500
405
95
95
30
30
30
30
140
140
140
5
5
5
5
5
5
5
5
5
5
5
5
5
5
5
5
5
5
60
60
60
60
50
50
50
50
265
265
130
35
35
35
35
35
10
10
10
10
10
10
10
150
150
500
170
170
500
95
95
385
35
35
35
35
190
190
180
180
130
130
145
145
35
35
35
35
235
235
285
85
85
85
100
100
100
175
175
500
500
240
20
20
20
20
100
100
100
110
110
110
400
220
220
110
110
500
95
95
500
100
100
500
100
100
345
170
170
35
35
35
35
315
315
65
130
130
130
45
45
45
30
30
30
30
30
445
500
245
185
185
205
205
500
295
245
305
120
120
500
65
65
65
150
150
150
215
215
210
50
50
50
50
85
85
85
75
75
75
75
175
175
140
140
355
220
220
130
130
290
290
390
500
135
135
135
210
500
30
30
30
30
10
10
10
10
10
10
10
500
10
10
10
10
10
265
265
95
95
80
80
80
205
205
70
70
70
110
110
330
330
160
15
15
15
15
15
10
10
10
500
15
500
245
40
40
40
40
25
25
25
25
25
265
265
290
340
435
500
75
100
100
100
135
135
340
255
255
25
25
25
25
60
60
60
60
25
25
25
25
25
300
300
25
25
10
10
10
10
10
10
10
500
40
40
40
40
100
100
100
140
140
20
20
20
20
20
20
10
10
10
10
10
10
195
195
5
5
5
5
5
5
5
430
5
5
5
5
5
5
5
65
65
65
65
95
95
95
240
95
95
95
160
160
225
225
155
155
205
205
80
80
375
235
235
300
295
125
125
125
205
205
70
70
35
35
35
35
35
285
285
180
10
10
10
10
10
10
65
65
65
65
500
210
325
325
20
20
500
345
5
5
5
5
5
5
70
70
70
70
70
70
70
165
165
500
500
65
65
500
140
140
10
10
10
10
10
10
5
5
5
5
5
5
5
100
100
100
500
155
155
10
10
10
10
25
25
25
25
25
25
135
135
135
480
115
15
15
15
15
15
15
295
295
355
210
190
190
35
35
35
25
25
25
25
25
20
20
20
20
20
500
200
200
15
15
15
15
80
80
80
105
105
105
500
150
150
10
10
10
10
10
290
105
105
105
20
20
20
20
20
245
245
305
25
25
25
25
500
30
30
30
30
115
115
115
35
35
35
95
95
95
35
35
35
35
35
500
190
190
5
5
5
5
35
35
35
35
35
5
5
5
5
5
5
50
50
50
50
365
240
240
155
155
425
500
280
75
75
75
50
50
50
50
245
245
220
55
55
55
55
170
170
130
130
150
150
150
500
50
50
85
85
85
80
80
80
85
85
85
185
185
245
245
310
335
170
170
500
135
365
365
40
120
120
105
105
105
155
155
45
45
45
45
45
65
65
65
435
60
60
60
125
125
125
20
20
20
20
80
80
80
80
305
185
185
500
110
110
95
95
95
145
145
190
190
110
110
140
140
250
250
295
105
105
105
320
30
30
30
30
150
150
205
205
50
50
50
55
55
55
55
45
45
45
45
45
410
95
95
95
245
245
175
80
80
80
20
20
20
20
20
35
35
35
35
35
355
85
85
85
85
500
265
25
25
25
25
25
145
145
100
100
100
60
60
60
60
185
185
70
70
70
370
435
190
190
500
460
130
45
45
45
105
105
105
170
170
250
250
380
70
70
10
10
10
10
10
10
65
65
