18675
17375
18900
18615
16925
19165
18295
19060
17290
17660
20595
19015
18720
19260
20430
17225
16360
18570
18635
18925
18340
18615
19185
18135
19605
19920
21050
16155
19340
20755
17885
19385
19430
16035
16825
19120
18715
19085
20570
18510
18680
19110
18070
18945
19630
18400
18635
19640
17790
19635
20330
19335
16965
20670
19100
15940
20725
19470
20395
20000
19695
17310
17635
19465
17625
15650
19245
19905
19680
19680
18260
20305
18680
18485
18910
16400
18825
18950
17450
17690
15860
17245
14290
17700
19540
19890
19965
17750
14885
18040
19845
19545
17980
19865
19770
17785
19845
17025
19320
17560
19400
18730
17910
19670
18265
19475
18720
16880
19695
18540
18800
19815
20410
18730
18415
19285
16610
18155
21545
18705
18925
19475
18695
18350
17615
16545
18910
19275
19795
19130
19630
19190
19025
18790
19930
19700
17190
18385
19415
18060
19435
13770
18020
18825
17670
20285
18890
19105
18365
19445
19645
20335
19650
19880
18460
17570
17265
18695
18840
17970
20380
17375
19165
19135
20240
15565
16685
17720
18970
18260
20150
19570
18390
20290
19095
19840
16910
20355
18425
18660
19360
18860
19005
19140
19480
19090
18115
19865
18910
17460
20175
18050
20200
19985
16140
19355
18755
19390
20505
19205
19370
17040
20550
20420
16965
20190
18790
20040
16990
17395
18525
17330
16690
17900
16995
19495
20740
17650
20475
17270
19690
18350
18020
19580
18745
19930
15225
17290
19650
17800
17955
18305
19805
18870
18005
20520
19560
20615
20040
18405
17635
18510
17105
18950
17800
18635
19245
18810
20150
16790
20470
18480
18060
19415
16370
19155
20180
14775
18725
19580
20590
20265
19395
20200
18020
19880
16800
18485
17260
21290
19460
19380
12655
17945
18045
20495
16775
19770
18725
20390
21410
19585
20715
15015
19110
18110
18665
19645
17910
18885
16960
20270
18525
17755
18585
21485
18785
18480
17750
18530
17500
18505
19930
17625
16520
19375
19745
18795
19220
19345
17680
18625
19020
16265
19170
19245
18840
20640
19650
20525
19825
18715
17320
17820
17445
19165
18770
18360
15695
18395
19115
17905
19875
18450
18840
17280
14265
19310
19250
18200
17200
18935
19465
16510
17960
18525
18095
18545
15820
16305
19955
17195
18800
16325
20190
20235
18720
19455
16500
18525
19675
19660
17920
18505
19230
19855
19155
16680
19020
18585
19885
18880
19220
18970
20150
18680
15930
20735
14985
18895
18845
16865
18645
20025
18165
15550
17020
18845
19205
19755
18840
20995
15580
20730
19710
17000
19725
18585
18025
16400
19345
19285
19415
19055
18165
18910
17775
19850
18700
18470
17935
15160
19700
18335
13795
14910
19820
18090
18115
18330
18245
19450
18970
19075
16540
16615
16230
16405
16715
18995
19795
19690
20485
19570
17660
17965
18480
17710
18360
19740
17060
17895
17245
20910
16785
18245
18725
20125
18775
18760
17905
17490
19695
18400
17605
18890
20050
20625
16720
16430
18105
18825
14085
19445
14740
20065
13355
18350
20635
19240
17345
15845
19870
20585
12910
19275
17115
19870
18275
20945
16580
19705
18910
18695
17760
20470
19780
17470
19525
19300
15830
17815
18035
18605
19570
16175
15860
19840
18755
19235
16235
18385
19210
15515
20085
17570
15965
18920
19610
18810
18940
19075
17755
18010
18685
19015
19700
19425
19405
19865
18815
17895
19490
19735
21075
17500
19470
17225
20270
17965
19215
19765
18000
19110
14200
17965
19065
15040
17685
20060
18865
14375
19640
16805
19865
19565
19410
17390
20580
18240
18920
20680
17695
16925
20640
18875
19300
16775
18845
19005
17675
19395
19305
19800
19780
18835
19685
17760
19030
17280
18995
16155
19450
18115
19935
19895
14310
17555
20690
18900
19215
18570
17935
16975
18845
17350
19840
19540
17230
17160
18760
18460
17110
18770
16930
20705
17760
18350
19180
18520
19875
19560
19945
20345
17405
18675
19150
19730
19320
18410
15920
19500
17935
20140
18360
19425
17930
19695
17260
19860
19040
16345
17815
20065
19325
18095
18985
18045
17065
18260
17970
18255
17125
18760
16365
19760
19925
17250
17700
18585
18135
18790
17765
17820
17175
15960
18585
20500
17040
19670
19245
18840
19410
20250
18500
16550
17895
20165
19570
18485
19590
19240
18405
18130
17210
19940
17360
16955
18870
17270
18000
19195
18675
18880
19240
18900
17730
17935
17185
20220
20525
20565
19575
19315
17825
19485
20315
19985
17345
15925
17350
19875
18635
20805
20060
19740
20090
19865
17515
17460
18880
18470
19570
18230
15660
19690
20050
18990
19300
18690
19195
18110
16680
20705
19760
16545
17630
15835
17745
16095
19235
20230
20560
16520
18580
19160
16665
18405
20230
19770
17685
17350
17000
17425
19885
19345
20445
18825
19655
20815
19555
16715
18565
17770
21615
18295
14690
15890
18860
17610
17945
18940
19300
16470
17145
19270
18795
17705
18585
19815
19635
18815
16330
19850
15010
17865
20285
15825
18575
18905
18725
19845
19420
17155
18545
18150
17615
18540
18900
20775
18400
20560
16465
18125
17325
17805
16850
19150
18120
20450
18715
20115
20525
17680
18050
18265
13455
18650
19900
19465
18460
18315
18360
19295
15480
18160
17925
18410
18345
19995
20325
15225
20960
19340
20860
20660
15775
18710
19785
19980
19365
19425
19605
18260
15500
19200
20535
19615
18630
18725
19715
18445
18870
18510
18915
20565
16305
20725
20370
17700
16255
19945
17525
19695
15805
19935
17195
16570
17435
19935
20165
17345
17920
17285
18790
19270
18590
17935
20080
20335
16825
16905
19420
19805
19880
20420
19550
20495
16650
18980
20560
19240
18690
17385
18210
15065
18260
19295
18235
17305
20305
19610
18500
19975
17780
19205
20410
19140
19470
16725
18825
17520
20195
19295
16940
19345
19015
16875
17435
19930
19950
19765
19335
18415
18920
19240
19215
19945
18635
19900
19065
17475
17690
19725
19350
19005
17695
19140
16130
19575
16365
19645
17925
18945
17555
18875
18390
15315
19390
16440
18565
20455
18490
19660
18265
17320
18985
19305
15685
19360
19525
19750
17030
17245
20680
18250
15090
19235
18855
18005
17845
18905
20435
19425
17185
16900
19935
17070
19240
19015
20475
15930
19895
19330
17170
18330
17780
19890
18760
17655
16825
20340
18750
19620
18745
18850
19565
17680
21060
17480
17185
20375
16130
19875
20660
20025
19185
16955
20230
19585
18400
19330
19525
14805
18405
19235
18305
19310
20940
19610
19355
18820
19225
17995
